function [x1,y1,x2,y2,x3,y3,x4,y4]=cteFI2DOLDOLCaCO
	%paramétros del compuesto
	x1=0.5240; y1=1;
	x2=0.5240; y2=0.778;
	x3=0.555; y3=0.8028;
	x4=0.555; y4=1;
end