function [x1,y1,x2,y2,x3,y3,x4,y4]=cteFI2CaCOCaCODOL
	%paramétros del compuesto
	x1=0.555; y1=0.925;
	x2=0.555; y2=0.8028;	
	x3=0.585; y3=0.827;
	x4=0.585; y4=0.925;		
end